kinematics:
  shoulder:
    x: 0
    y: 0
    z: 0.1280246442153514
    roll: -0
    pitch: 0
    yaw: 0.001077487735129092
  upper_arm:
    x: 6.811962814145387e-05
    y: 0
    z: 0
    roll: 1.570485590513415
    pitch: 0
    yaw: 4.124634585316717e-05
  forearm:
    x: -0.6120314038513947
    y: 0
    z: 0
    roll: 3.124702195846738
    pitch: 3.140970978104324
    yaw: 3.141576927366164
  wrist_1:
    x: -0.5712479532023954
    y: 0.001845031032161472
    z: 0.1631723592100137
    roll: 3.130285883156243
    pitch: -3.139954170168927
    yaw: 3.141592073449386
  wrist_2:
    x: -7.680434731107997e-05
    y: -0.1156427103784302
    z: 7.679484773088099e-05
    roll: 1.570132256952612
    pitch: 0
    yaw: 1.866334484412992e-05
  wrist_3:
    x: 8.408920128522711e-05
    y: 0.09221544752191883
    z: 5.352642662457383e-06
    roll: 1.570854371762419
    pitch: 3.141592653589793
    yaw: -3.128711806861828
  hash: calib_16195299131840471129